time,pitch,roll,label
1736849152,-2,-3,1
1736849152,-2,-3,1
1736849153,-2,-3,1
1736849153,-2,-3,1
1736849153,-2,-3,1
1736849153,-2,-3,1
1736849153,-2,-3,1
1736849154,-2,-3,1
1736849154,-2,-3,1
1736849154,-2,-3,1
1736849154,-2,-3,1
1736849154,-2,-3,1
1736849155,-2,-3,1
1736849155,-2,-3,1
1736849155,-2,-3,1
1736849155,-2,-3,1
1736849155,-2,-3,1
1736849156,-2,-3,1
1736849156,-2,-3,1
1736849156,-2,-3,1
1736849156,-2,-3,1
1736849156,-2,-2,1
1736849157,-3,0,1
1736849157,-3,0,1
1736849157,-3,-1,1
1736849157,-2,0,1
1736849157,-2,2,1
1736849158,-3,3,1
1736849158,-2,1,1
1736849158,-3,-7,1
1736849158,-5,-1,1
1736849158,-3,-2,1
1736849159,-2,-4,1
1736849159,-4,-6,1
1736849159,-4,-6,1
1736849159,-4,-7,1
1736849159,-4,-7,1
1736849160,-4,-7,1
1736849160,-5,-5,1
1736849160,-5,-4,1
1736849160,-5,-3,1
1736849160,-5,-3,1
1736849161,-6,-3,1
1736849161,-7,-4,1
1736849161,-7,-7,1
1736849161,-7,-6,1
1736849161,-7,-4,1
1736849162,-7,-5,1
1736849162,-7,-4,1
1736849162,-6,-3,1
1736849162,-5,-1,1
1736849162,-6,-2,1
1736849163,-7,-4,1
1736849163,-6,-5,1
1736849163,-7,-5,1
1736849163,-8,-4,1
1736849164,-8,-3,1
1736849164,-8,-3,1
1736849164,-7,-3,1
1736849164,-6,-3,1
1736849164,-5,-2,1
1736849165,-5,-2,1
1736849165,-6,-2,1
1736849165,-7,-3,1
1736849165,-7,-3,1
1736849165,-7,-3,1
1736849166,-7,-3,1
1736849166,-8,-6,1
1736849166,-8,-4,1
1736849166,-7,-4,1
1736849166,-6,-4,1
1736849167,-6,-4,1
1736849167,-5,-4,1
1736849167,-5,-4,1
1736849167,-5,-4,1
1736849167,-4,-4,1
1736849216,-2,-3,1
1736849216,-2,-3,1
1736849216,-2,-3,1
1736849216,-2,-3,1
1736849217,-2,-3,1
1736849217,-2,-3,1
1736849217,-2,-3,1
1736849217,-2,-3,1
1736849217,-2,-3,1
1736849218,-2,-3,1
1736849218,-2,-3,1
1736849218,-2,-3,1
1736849218,-2,-4,1
1736849218,-1,-5,1
1736849219,0,-5,1
1736849219,0,-5,1
1736849219,-1,-2,1
1736849219,-1,-2,1
1736849219,-1,-2,1
1736849220,-1,-2,1
1736849220,-3,2,1
1736849220,-3,3,1
1736849220,-6,-1,1
1736849220,-7,-11,1
1736849221,-6,-9,1
1736849221,-3,3,1
1736849221,-4,0,1
1736849221,-5,-2,1
1736849222,-3,0,1
1736849222,-3,-1,1
1736849250,-2,-5,1
1736849250,-2,-4,1
1736849250,-2,-5,1
1736849250,-2,-5,1
1736849251,-2,-5,1
1736849251,-2,-5,1
1736849251,-2,-5,1
1736849251,-2,-5,1
1736849251,-2,-5,1
1736849252,-2,-5,1
1736849252,-2,-5,1
1736849252,-5,-2,1
1736849252,-5,-2,1
1736849253,-2,-7,1
1736849253,1,-7,1
1736849253,1,-10,1
1736849253,5,-7,1
1736849253,2,-10,1
1736849254,2,-18,1
1736849254,4,-25,1
1736849254,4,-34,1
1736849254,1,-34,1
1736849254,-4,-33,1
1736849255,-4,-28,1
1736849255,-4,-24,1
1736849255,-7,-20,1
1736849255,-11,-13,1
1736849255,-7,-17,1
1736849256,-1,-21,1
1736849256,1,-40,1
1736849256,1,-40,1
1736849256,0,-44,1
1736849256,-1,-41,1
1736849257,-4,-31,1
1736849257,-4,-21,1
1736849257,-3,-31,1
1736849257,-2,-45,1
1736849257,-1,-44,1
1736849258,-1,-39,1
1736849258,-2,-39,1
1736849258,-2,-37,1
1736849258,-1,-27,1
1736849258,3,-15,1
1736849259,2,-32,1
1736849259,1,-35,1
1736849259,1,-21,1
1736849259,-1,-24,1
1736849259,-2,-14,1
1736849260,2,0,1
1736849260,7,2,1
1736849260,8,-3,1
1736849260,7,-9,1
1736849260,4,-2,1
1736849261,1,0,1
1736849261,-1,-1,1
1736849261,-1,-9,1
1736849261,1,-7,1
1736849261,0,-2,1
1736849262,3,-5,1
1736849262,5,-18,1
1736849262,5,-13,1
1736849262,3,-3,1
1736849262,3,-11,1
1736849263,5,-18,1
1736849263,4,-6,1
1736849263,-2,-1,1
1736849263,-3,1,1
1736849263,0,-7,1
1736849264,0,-16,1
1736849264,0,-18,1
1736849264,0,-21,1
1736849264,5,-26,1
1736849264,8,-35,1
1736849713,-2,-3,1
1736849713,-2,-3,1
1736849713,-2,-3,1
1736849713,-2,-3,1
1736849713,-2,-3,1
1736849714,-2,-3,1
1736849714,-2,-3,1
1736849714,-2,-3,1
1736849714,-2,-1,1
1736849714,-3,4,1
1736849715,-3,-16,1
1736849715,1,-7,1
1736849715,4,-3,1
1736849715,-10,-7,1
1736849715,-19,-4,1
1736849716,-20,0,1
1736849716,-21,5,1
1736849716,-22,9,1
1736849716,-11,-12,1
1736849716,-12,-5,1
1736849717,-13,-15,1
1736849717,-10,-5,1
1736849717,-9,-9,1
1736849717,-10,-8,1
1736849717,-12,-9,1
1736849718,-10,-14,1
1736849748,-2,-2,2
1736849748,-2,-2,2
1736849748,-2,-2,2
1736849748,-4,-3,2
1736849748,-8,-1,2
1736849749,-11,-4,2
1736849749,-8,-5,2
1736849749,-10,-3,2
1736849749,-12,-1,2
1736849749,-9,-3,2
1736849750,-12,-1,2
1736849750,-8,-4,2
1736849750,-8,-5,2
1736849750,-8,-5,2
1736849750,-10,-3,2
1736849751,-14,0,2
1736849751,-14,1,2
1736849751,-12,1,2
1736849751,-9,1,2
1736849751,-10,1,2
1736849752,-11,2,2
1736849752,-12,0,2
1736849752,-12,-1,2
1736849752,-11,-2,2
1736849752,-11,0,2
1736849753,-12,3,2
1736849753,-13,3,2
1736849753,-10,-1,2
1736849753,-17,2,2
1736849753,-24,6,2
1736849754,-21,4,2
1736849754,-14,-1,2
1736849754,-9,-3,2
1736849754,-9,-3,2
1736849754,-10,-2,2
1736849755,-16,2,2
1736849755,-20,2,2
1736849755,-19,1,2
1736849755,-14,-2,2
1736849755,-13,0,2
1736849756,-13,-3,2
1736849756,-14,-2,2
1736849756,-12,-5,2
1736849756,-12,-5,2
1736849756,-11,-5,2
1736849757,-11,-4,2
1736849757,-12,-2,2
1736849757,-14,0,2
1736849757,-14,-1,2
1736849757,-20,1,2
1736849758,-27,8,2
1736849758,-24,5,2
1736849758,-20,2,2
1736849758,-20,6,2
1736849758,-19,12,2
1736849759,-19,23,2
1736849759,-18,19,2
1736849759,-13,16,2
1736849759,-11,16,2
1736849759,-15,16,2
1736849760,-25,16,2
1736849760,-32,17,2
1736849760,-31,16,2
1736849760,-24,17,2
1736849760,-16,17,2
1736849761,-14,16,2
1736849761,-24,13,2
1736849761,-33,12,2
1736849761,-32,13,2
1736849761,-26,14,2
1736849762,-21,15,2
1736849762,-19,14,2
1736849762,-26,14,2
1736849762,-33,16,2
1736849762,-31,15,2
1736849763,-26,14,2
1736849763,-26,15,2
1736849763,-25,13,2
1736849763,-25,13,2
1736849763,-26,13,2
1736849764,-26,13,2
1736849764,-25,11,2
1736849764,-27,13,2
1736849764,-25,14,2
1736849764,-25,18,2
1736849765,-20,21,2
1736849765,-19,19,2
1736849765,-17,13,2
1736849765,-23,14,2
1736849765,-26,16,2
1736849766,-23,18,2
1736849783,-2,-2,2
1736849783,-3,-2,2
1736849783,-4,-2,2
1736849784,-1,-3,2
1736849784,4,-2,2
1736849784,6,1,2
1736849784,9,3,2
1736849784,10,2,2
1736849785,11,3,2
1736849785,10,2,2
1736849785,9,2,2
1736849785,8,2,2
1736849785,5,2,2
1736849786,2,-1,2
1736849786,-1,-3,2
1736849786,-2,-2,2
1736849786,-1,-1,2
1736849786,1,0,2
1736849787,1,-1,2
1736849787,2,-3,2
1736849787,2,-3,2
1736849787,3,-3,2
1736849787,3,-2,2
1736849788,2,-1,2
1736849788,2,-1,2
1736849788,1,-1,2
1736849788,2,-2,2
1736849788,2,-2,2
1736849789,1,-3,2
1736849789,1,-3,2
1736849789,2,-3,2
1736849789,4,-3,2
1736849789,4,-3,2
1736849790,4,-3,2
1736849790,3,-3,2
1736849790,3,-3,2
1736849790,2,-3,2
1736849790,2,-3,2
1736849791,2,-4,2
1736849791,3,-4,2
1736849791,3,-4,2
1736849791,3,-4,2
1736849791,3,-3,2
1736849792,1,-3,2
1736849792,1,-3,2
1736849792,3,-3,2
1736849792,3,-4,2
1736849793,3,-6,2
1736849793,3,-7,2
1736849793,3,-7,2
1736849793,3,-6,2
1736849793,2,-5,2
1736849794,1,-4,2
1736849794,2,-4,2
1736849794,1,-4,2
1736849794,2,-5,2
1736849794,3,-6,2
1736849795,3,-6,2
1736849795,2,-7,2
1736849795,3,-8,2
1736849795,3,-7,2
1736849795,4,-5,2
1736849796,3,-4,2
1736849796,3,-4,2
1736849796,3,-5,2
1736849796,4,-7,2
1736849796,3,-9,2
1736849797,3,-10,2
1736849797,5,-8,2
1736849797,5,-8,2
1736849797,4,-8,2
1736849797,4,-7,2
1736849798,4,-6,2
1736849798,3,-6,2
1736849798,4,-7,2
1736849798,4,-6,2
1736849798,2,-5,2
1736849799,0,0,2
1736849799,-2,2,2
1736849799,-3,-1,2
1736849799,-3,-2,2
1736849799,-2,-1,2
1736849800,-1,-2,2
1736849800,1,-3,2
1736849800,3,-5,2
1736849800,4,-7,2
1736849800,3,-8,2
1736849801,4,-8,2
1736849801,4,-9,2
1736849801,4,-7,2
1736849801,1,-5,2
1736849801,-1,-5,2
1736849802,-4,-8,2
1736849802,-5,-8,2
1736849802,-4,-8,2
1736849802,0,-7,2
1736849802,2,-9,2
1736849803,3,-10,2
1736849803,3,-11,2
1736849803,3,-11,2
1736849803,4,-12,2
1736849803,4,-12,2
1736849804,4,-11,2
1736849804,4,-10,2
1736849804,4,-9,2
1736849804,3,-9,2
1736849804,3,-9,2
1736849805,3,-9,2
1736849805,2,-9,2
1736849805,2,-9,2
1736849805,3,-10,2
1736849805,4,-10,2
1736849806,6,-10,2
1736849806,6,-11,2
1736849806,6,-12,2
1736849806,6,-13,2
1736849806,5,-14,2
1736849807,5,-15,2
1736849807,5,-16,2
1736849807,5,-16,2
1736849807,6,-15,2
1736849807,6,-14,2
1736849808,6,-13,2
1736849808,7,-13,2
1736849808,8,-13,2
1736849808,7,-13,2
1736849808,6,-13,2
1736849809,6,-13,2
1736849809,6,-13,2
1736849809,7,-14,2
1736849809,7,-14,2
1736849809,7,-15,2
1736849810,7,-16,2
1736849810,7,-17,2
1736849810,7,-17,2
1736849849,-3,-4,3
1736849849,-3,-4,3
1736849850,-3,-3,3
1736849850,-3,-4,3
1736849850,-2,-4,3
1736849850,1,-4,3
1736849851,3,-4,3
1736849851,4,-4,3
1736849851,5,-4,3
1736849851,3,-4,3
1736849851,0,-5,3
1736849852,-5,-4,3
1736849852,-8,-5,3
1736849852,-11,-5,3
1736849852,-14,-5,3
1736849852,-16,-6,3
1736849853,-17,-6,3
1736849853,-15,-6,3
1736849853,-11,-5,3
1736849853,-7,-4,3
1736849853,-5,-4,3
1736849854,-4,-3,3
1736849854,-5,-3,3
1736849854,-4,-6,3
1736849854,-4,-6,3
1736849854,-6,-6,3
1736849855,-5,-7,3
1736849855,-4,-8,3
1736849855,-4,-9,3
1736849855,-3,-10,3
1736849855,-4,-9,3
1736849856,-4,-9,3
1736849856,-6,-8,3
1736849856,-9,-8,3
1736849856,-11,-7,3
1736849856,-12,-6,3
1736849857,-12,-6,3
1736849857,-13,-6,3
1736849857,-13,-6,3
1736849857,-11,-6,3
1736849857,-10,-6,3
1736849858,-11,-6,3
1736849858,-12,-7,3
1736849858,-14,-7,3
1736849858,-16,-6,3
1736849858,-17,-5,3
1736849859,-18,-4,3
1736849859,-19,-4,3
1736849859,-19,-4,3
1736849859,-17,-4,3
1736849859,-16,-4,3
1736849860,-16,-5,3
1736849860,-16,-4,3
1736849860,-18,-3,3
1736849860,-18,-3,3
1736849860,-16,-4,3
1736849861,-14,-6,3
1736849861,-15,-6,3
1736849861,-24,-7,3
1736849861,-38,-8,3
1736849861,-47,-10,3
1736849862,-47,-10,3
1736849862,-40,-8,3
1736849862,-25,-5,3
1736849862,-15,-5,3
1736849862,-8,-4,3
1736849863,0,-4,3
1736849863,4,-5,3
1736849863,4,-5,3
1736849863,-2,-6,3
1736849863,-12,-6,3
1736849864,-22,-7,3
1736849864,-31,-8,3
1736849864,-38,-8,3
1736849864,-44,-8,3
1736849864,-51,-10,3
1736849865,-58,-11,3
1736849865,-61,-11,3
1736849865,-59,-10,3
1736849865,-43,-3,3
1736849865,-20,0,3
1736849866,-7,0,3
1736849866,-8,1,3
1736849866,-10,-1,3
1736849866,-11,-4,3
1736849866,-13,-5,3
1736849867,-14,-5,3
1736849867,-15,-5,3
1736849867,-18,-6,3
1736849867,-21,-3,3
1736849867,-22,1,3
1736849868,-24,3,3
1736849868,-25,5,3
1736849868,-25,0,3
1736849868,-24,0,3
1736849868,-26,-1,3
1736849869,-26,3,3
1736849869,-24,1,3
1736849869,-21,-4,3
1736849869,-21,-5,3
1736849869,-21,-8,3
1736849870,-22,-12,3
1736849870,-23,-13,3
1736849870,-24,-13,3
1736849870,-23,-12,3
1736849870,-25,-8,3
1736849871,-28,-4,3
1736849871,-26,-4,3
1736849871,-27,-5,3
1736849871,-24,-7,3
1736849871,-20,-9,3
1736849872,-19,-10,3
1736849872,-19,-10,3
1736849872,-21,-7,3
1736849872,-24,-4,3
1736849872,-26,-2,3
1736849873,-26,-1,3
1736849873,-27,-2,3
1736849873,-29,-1,3
1736849873,-30,0,3
1736849873,-26,-1,3
1736849874,-24,-2,3
1736849874,-26,-1,3
1736849874,-30,-3,3
1736849874,-29,-4,3
1736849875,-27,-5,3
1736849875,-28,-6,3
1736849875,-29,-8,3
1736849875,-31,-8,3
1736849875,-32,-8,3
1736849876,-30,-7,3
1736849876,-29,-8,3
1736849876,-32,-7,3
1736849876,-32,-7,3
1736849876,-30,-7,3
1736849877,-29,-6,3
1736849877,-27,-5,3
1736849877,-24,-4,3
1736849877,-23,-5,3
1736849877,-30,-7,3
1736849878,-38,-9,3
1736849878,-47,-14,3
1736849878,-50,-18,3
1736849878,-49,-17,3
1736849878,-45,-14,3
1736849879,-36,-10,3
1736849879,-29,-8,3
1736849879,-23,-6,3
1736849879,-19,-3,3
1736849879,-15,0,3
1736849880,-14,-1,3
1736849880,-18,-3,3
1736849880,-26,-5,3
1736849880,-35,-5,3
1736849880,-45,-8,3
1736849881,-48,-14,3
1736849881,-49,-19,3
1736849881,-51,-24,3
1736849881,-51,-23,3
1736849881,-46,-14,3
1736849882,-35,-6,3
1736849882,-27,-3,3
1736849882,-24,-3,3
1736849882,-24,-4,3
1736849882,-33,-7,3
1736849883,-44,-15,3
1736849883,-51,-19,3
1736849883,-59,-19,3
1736849883,-65,-27,3
1736849883,-65,-30,3
1736849884,-63,-30,3
1736849884,-58,-28,3
1736849884,-50,-18,3
1736849884,-42,-10,3
1736849884,-42,-11,3
1736849885,-46,-13,3
1736849885,-60,-19,3
1736849885,-67,-27,3
1736849885,-72,-47,3
1736849885,-73,-54,3
1736849886,-73,-57,3
1736849886,-71,-38,3
1736849886,-63,-19,3
1736849886,-53,-14,3
1736849886,-46,-10,3
1736849887,-42,-8,3
1736849887,-38,-8,3
1736849887,-36,-7,3
1736849887,-38,-9,3
1736849887,-39,-12,3
1736849888,-37,-17,3
1736849888,-39,-16,3
1736849888,-42,-9,3
1736849888,-43,-5,3
1736849888,-46,-1,3
1736849889,-46,-7,3
1736849889,-42,-18,3
1736849889,-43,-17,3
1736849889,-37,-13,3
1736849889,-17,-5,3
1736849890,-17,13,3
1736849890,-23,21,3
1736849890,-25,12,3
1736849890,-23,13,3
1736849890,-24,13,3
1736849907,-4,-4,3
1736849907,-4,-4,3
1736849907,-4,-4,3
1736849908,-5,-5,3
1736849908,-2,-4,3
1736849908,4,-3,3
1736849908,11,-4,3
1736849908,14,-3,3
1736849909,16,-3,3
1736849909,16,-3,3
1736849909,10,-3,3
1736849909,-1,-4,3
1736849909,-10,-4,3
1736849910,-21,-6,3
1736849910,-32,-7,3
1736849910,-41,-8,3
1736849910,-46,-9,3
1736849910,-51,-9,3
1736849911,-54,-10,3
1736849911,-53,-10,3
1736849911,-46,-8,3
1736849911,-35,-6,3
1736849912,-25,-5,3
1736849912,-16,-6,3
1736849912,-14,-6,3
1736849912,-16,-6,3
1736849912,-18,-7,3
1736849913,-18,-8,3
1736849913,-18,-8,3
1736849913,-19,-8,3
1736849913,-20,-7,3
1736849913,-22,-7,3
1736849914,-23,-7,3
1736849914,-25,-5,3
1736849914,-26,-5,3
1736849914,-27,-2,3
1736849914,-29,0,3
1736849915,-28,-1,3
1736849915,-29,-2,3
1736849915,-30,-3,3
1736849915,-30,-3,3
1736849915,-32,-2,3
1736849916,-34,1,3
1736849916,-37,4,3
1736849916,-38,6,3
1736849916,-37,6,3
1736849916,-37,6,3
1736849917,-36,2,3
1736849917,-34,-1,3
1736849917,-32,-5,3
1736849917,-30,-8,3
1736849917,-28,-11,3
1736849918,-27,-13,3
1736849918,-28,-16,3
1736849918,-27,-19,3
1736849918,-28,-20,3
1736849918,-29,-20,3
1736849919,-27,-17,3
1736849919,-29,-15,3
1736849919,-31,-13,3
1736849919,-33,-11,3
1736849919,-34,-9,3
1736849920,-33,-11,3
1736849920,-32,-14,3
1736849920,-31,-18,3
1736849920,-32,-18,3
1736849920,-35,-15,3
1736849921,-38,-14,3
1736849921,-41,-12,3
1736849921,-42,-11,3
1736849921,-44,-11,3
1736849921,-46,-15,3
1736849922,-49,-19,3
1736849922,-52,-22,3
1736849922,-53,-22,3
1736849922,-51,-17,3
1736849922,-45,-11,3
1736850011,1,-20,4
1736850011,0,-24,4
1736850011,-1,-29,4
1736850012,-1,-34,4
1736850012,-4,-36,4
1736850012,-5,-38,4
1736850012,-6,-41,4
1736850012,-6,-43,4
1736850013,-6,-47,4
1736850013,-7,-51,4
1736850013,-7,-56,4
1736850013,-7,-59,4
1736850014,-7,-61,4
1736850014,-7,-64,4
1736850014,-7,-66,4
1736850014,-8,-70,4
1736850014,-9,-74,4
1736850015,-10,-77,4
1736850015,-11,-80,4
1736850015,-12,-84,4
1736850015,-13,-87,4
1736850015,-15,-91,4
1736850016,-16,-95,4
1736850016,-18,-99,4
1736850016,-21,-103,4
1736850016,-24,-107,4
1736850016,-26,-110,4
1736850017,-27,-113,4
1736850017,-28,-117,4
1736850017,-27,-119,4
1736850017,-24,-121,4
1736850017,-21,-123,4
1736850018,-19,-125,4
1736850018,-18,-127,4
1736850018,-17,-130,4
1736850018,-18,-135,4
1736850018,-20,-139,4
1736850019,-22,-143,4
1736850019,-26,-149,4
1736850019,-29,-155,4
1736850019,-31,-161,4
1736850019,-32,-167,4
1736850020,-33,-173,4
1736850020,-35,-179,4
1736850020,-34,177,4
1736850020,-34,174,4
1736850020,-34,169,4
1736850021,-35,164,4
1736850021,-35,160,4
1736850021,-37,157,4
1736850021,-36,154,4
1736850021,-35,153,4
1736850022,-33,151,4
1736850022,-32,147,4
1736850022,-31,143,4
1736850022,-31,138,4
1736850022,-30,133,4
1736850023,-30,127,4
1736850023,-30,119,4
1736850023,-30,112,4
1736850023,-29,107,4
1736850023,-29,101,4
1736850024,-29,96,4
1736850024,-28,94,4
1736850024,-27,91,4
1736850024,-26,88,4
1736850024,-24,85,4
1736850025,-23,83,4
1736850025,-22,80,4
1736850025,-21,76,4
1736850025,-19,73,4
1736850025,-17,70,4
1736850026,-16,67,4
1736850026,-15,63,4
1736850026,-14,59,4
1736850026,-11,53,4
1736850026,-9,51,4
1736850027,-6,48,4
1736850027,-3,43,4
1736850027,-1,40,4
1736850027,-3,36,4
1736850027,-3,32,4
1736850028,-3,28,4
1736850028,-3,26,4
1736850028,-3,26,4
1736850028,-2,20,4
1736850028,-1,17,4
1736850029,0,14,4
1736850029,0,12,4
1736850029,1,7,4
1736850029,1,4,4
1736850029,1,1,4
1736850030,1,-3,4
1736850030,0,-6,4
1736850030,0,-9,4
1736850030,0,-13,4
1736850030,0,-17,4
1736850031,0,-21,4
1736850031,-1,-24,4
1736850031,-1,-27,4
1736850031,-1,-30,4
1736850031,-2,-33,4
1736850032,-3,-36,4
1736850032,-4,-39,4
1736850032,-5,-43,4
1736850032,-5,-48,4
1736850032,-5,-51,4
1736850033,-6,-54,4
1736850033,-6,-57,4
1736850033,-8,-60,4
1736850033,-9,-63,4
1736850033,-10,-66,4
1736850034,-12,-69,4
1736850034,-16,-72,4
1736850034,-17,-75,4
1736850034,-18,-78,4
1736850034,-19,-81,4
1736850035,-19,-84,4
1736850035,-19,-88,4
1736850035,-19,-92,4
1736850035,-19,-96,4
1736850035,-20,-101,4
1736850036,-21,-104,4
1736850036,-22,-108,4
1736850036,-25,-111,4
1736850036,-29,-115,4
1736850036,-32,-119,4
1736850037,-33,-122,4
1736850037,-35,-127,4
1736850037,-36,-131,4
1736850037,-39,-135,4
1736850037,-41,-138,4
1736850038,-42,-141,4
1736850038,-43,-144,4
1736850038,-44,-148,4
1736850038,-44,-152,4
1736850039,-44,-156,4
1736850039,-44,-162,4
1736850039,-45,-169,4
1736850039,-45,-175,4
1736850039,-46,179,4
1736850040,-47,173,4
1736850040,-47,168,4
1736850040,-46,165,4
1736850040,-46,159,4
1736850040,-50,152,4
1736850041,-52,146,4
1736850041,-51,142,4
1736850041,-50,139,4
1736850041,-48,135,4
1736850041,-45,132,4
1736850042,-43,128,4
1736850042,-41,124,4
1736850042,-40,121,4
1736850042,-39,118,4
1736850042,-38,113,4
1736850043,-37,109,4
1736850043,-36,103,4
1736850043,-35,98,4
1736850043,-34,92,4
1736850043,-33,87,4
1736850044,-32,84,4
1736850044,-31,81,4
1736850044,-29,77,4
1736850044,-28,73,4
1736850044,-27,71,4
1736850045,-26,68,4
1736850045,-24,65,4
1736850045,-24,64,4
1736850045,-23,61,4
1736850074,0,-6,4
1736850074,0,-7,4
1736850075,1,-8,4
1736850075,2,-11,4
1736850075,2,-13,4
1736850075,2,-14,4
1736850075,2,-14,4
1736850076,2,-14,4
1736850076,1,-14,4
1736850076,2,-15,4
1736850076,-1,-14,4
1736850076,-1,-15,4
1736850077,-1,-15,4
1736850077,-3,-15,4
1736850077,-2,-16,4
1736850077,-1,-17,4
1736850077,2,-20,4
1736850078,3,-19,4
1736850078,4,-20,4
1736850078,5,-20,4
1736850078,6,-22,4
1736850078,7,-24,4
1736850079,6,-24,4
1736850079,5,-24,4
1736850079,5,-24,4
1736850079,4,-25,4
1736850079,3,-25,4
1736850080,3,-25,4
1736850080,2,-26,4
1736850080,1,-27,4
1736850080,1,-27,4
1736850080,1,-28,4
1736850081,0,-29,4
1736850081,0,-29,4
1736850081,0,-30,4
1736850081,-1,-31,4
1736850081,-2,-31,4
1736850082,-2,-33,4
1736850082,-2,-33,4
1736850082,-3,-34,4
1736850082,-2,-37,4
1736850082,-1,-37,4
1736850083,0,-38,4
1736850083,0,-39,4
1736850083,1,-39,4
1736850083,2,-40,4
1736850083,2,-41,4
1736850084,1,-42,4
1736850084,1,-42,4
1736850084,0,-44,4
1736850084,-2,-43,4
1736850084,-2,-43,4
1736850085,-3,-44,4
1736850085,-4,-43,4
1736850085,-5,-44,4
1736850085,-6,-44,4
1736850085,-7,-45,4
1736850086,-10,-47,4
1736850086,-12,-46,4
1736850086,-14,-46,4
1736850086,-16,-46,4
1736850086,-18,-45,4
1736850087,-19,-44,4
1736850087,-20,-45,4
1736850087,-19,-49,4
1736850087,-17,-49,4
1736850088,-16,-49,4
1736850088,-14,-50,4
1736850088,-14,-49,4
1736850088,-10,-51,4
1736850088,-6,-52,4
1736850089,-4,-52,4
1736850089,-4,-51,4
1736850089,-4,-51,4
1736850089,-5,-52,4
1736850089,-10,-54,4
1736850090,-14,-56,4
1736850090,-19,-59,4
1736850090,-22,-61,4
1736850090,-27,-62,4
1736850090,-29,-62,4
1736850091,-31,-62,4
1736850091,-30,-64,4
1736850091,-28,-65,4
1736850091,-26,-65,4
1736850091,-24,-65,4
1736850092,-21,-64,4
1736850092,-16,-64,4
1736850092,-14,-63,4
1736850092,-14,-62,4
1736850092,-13,-63,4
1736850093,-13,-64,4
1736850093,-17,-66,4
1736850093,-24,-69,4
1736850093,-27,-70,4
1736850093,-32,-73,4
1736850094,-36,-73,4
1736850094,-39,-73,4
1736850094,-43,-73,4
1736850094,-45,-74,4
1736850094,-41,-78,4
1736850095,-38,-79,4
1736850095,-37,-80,4
1736850095,-34,-79,4
1736850095,-29,-78,4
1736850095,-26,-77,4
1736850096,-25,-78,4
1736850096,-26,-79,4
1736850096,-28,-80,4
1736850096,-31,-81,4
1736850096,-37,-77,4
1736850097,-28,-77,4
1736850097,-29,-70,4
1736850097,-28,-87,4
1736850097,-34,-89,4
1736850097,-31,-87,4
1736850098,-33,-90,4
1736850098,-34,-92,4
1736850098,-34,-94,4
1736850098,-36,-95,4
1736850098,-37,-95,4
1736850099,-38,-97,4
1736850099,-38,-97,4
1736850099,-40,-95,4
1736850099,-42,-94,4
1736850099,-43,-90,4
1736850100,-44,-90,4
1736850100,-44,-90,4
1736850100,-45,-93,4
1736850100,-47,-95,4
1736850100,-48,-96,4
1736850101,-49,-98,4
1736850101,-49,-98,4
1736850101,-50,-99,4
1736850101,-50,-100,4
1736850101,-51,-102,4
1736850102,-52,-102,4
1736850102,-53,-99,4
1736850102,-54,-96,4
1736850102,-55,-93,4
1736850102,-56,-92,4
1736850103,-56,-95,4
1736850103,-57,-99,4
1736850103,-57,-102,4
1736850103,-58,-104,4
1736850103,-59,-104,4
1736850104,-60,-107,4
1736850104,-59,-104,4
1736850145,-2,-3,5
1736850145,-2,-3,5
1736850146,-2,-3,5
1736850146,-2,-3,5
1736850146,-1,-9,5
1736850146,2,-7,5
1736850146,11,-4,5
1736850147,12,4,5
1736850147,14,4,5
1736850147,14,4,5
1736850147,15,4,5
1736850147,20,4,5
1736850148,24,4,5
1736850148,24,4,5
1736850148,24,4,5
1736850148,24,4,5
1736850148,24,4,5
1736850149,23,4,5
1736850149,23,4,5
1736850149,23,5,5
1736850149,23,5,5
1736850149,23,4,5
1736850150,23,4,5
1736850150,24,4,5
1736850150,24,4,5
1736850150,24,4,5
1736850150,23,4,5
1736850151,21,4,5
1736850151,23,2,5
1736850151,25,1,5
1736850151,20,0,5
1736850151,16,2,5
1736850152,16,3,5
1736850152,16,4,5
1736850152,15,7,5
1736850152,13,-1,5
1736850152,11,1,5
1736850153,9,2,5
1736850153,9,5,5
1736850153,10,5,5
1736850153,11,7,5
1736850153,10,2,5
1736850154,10,1,5
1736850154,10,5,5
1736850154,9,4,5
1736850154,8,1,5
1736850154,8,0,5
1736850155,8,2,5
1736850155,8,5,5
1736850155,9,3,5
1736850155,13,-1,5
1736850155,12,4,5
1736850156,10,1,5
1736850156,10,0,5
1736850156,11,5,5
1736850156,11,4,5
1736850156,12,1,5
1736850157,12,4,5
1736850157,12,1,5
1736850157,12,6,5
1736850157,12,3,5
1736850157,12,2,5
1736850158,13,3,5
1736850158,14,7,5
1736850158,13,5,5
1736850158,14,6,5
1736850158,14,9,5
1736850159,14,9,5
1736850159,14,5,5
1736850159,11,0,5
1736850159,14,8,5
1736850159,14,5,5
1736850160,13,13,5
1736850160,15,4,5
1736850160,13,5,5
1736850160,14,8,5
1736850160,14,9,5
1736850161,17,7,5
1736850161,17,17,5
1736850161,16,17,5
1736850161,16,9,5
1736850161,18,10,5
1736850162,17,10,5
1736850162,15,7,5
1736850162,15,7,5
1736850162,13,16,5
1736850162,14,10,5
1736850163,12,7,5
1736850163,12,6,5
1736850163,13,5,5
1736850163,12,7,5
1736850163,12,8,5
1736850164,13,6,5
1736850164,14,2,5
1736850164,13,3,5
1736850164,11,6,5
1736850164,9,6,5
1736850165,11,6,5
1736850165,9,2,5
1736850165,9,7,5
1736850165,8,8,5
1736850166,9,8,5
1736850166,9,8,5
1736850166,9,8,5
1736850178,-2,-3,5
1736850178,-2,-3,5
1736850178,-2,-3,5
1736850178,-2,-3,5
1736850178,-2,-3,5
1736850179,-2,-3,5
1736850179,-2,-3,5
1736850179,-2,-3,5
1736850179,-2,-3,5
1736850179,-2,-3,5
1736850180,-2,-3,5
1736850180,-2,-3,5
1736850180,-2,-3,5
1736850180,-2,-3,5
1736850180,-2,-3,5
1736850181,-2,-3,5
1736850181,-2,-3,5
1736850181,-2,-3,5
1736850181,-2,-3,5
1736850181,-2,-3,5
1736850182,-2,-3,5
1736850182,-2,-3,5
1736850182,-2,-3,5
1736850182,-2,-3,5
1736850182,-2,-3,5
1736850183,-2,-3,5
1736850183,-2,-3,5
1736850183,-3,-3,5
1736850183,-4,-5,5
1736850183,-8,-2,5
1736850184,-6,-4,5
1736850184,-2,1,5
1736850184,0,12,5
1736850184,-4,20,5
1736850184,-3,24,5
1736850185,-3,12,5
1736850185,1,13,5
1736850185,3,3,5
1736850185,5,1,5
1736850185,7,-3,5
1736850186,8,-9,5
1736850186,8,-10,5
1736850186,8,-11,5
1736850186,6,-13,5
1736850186,6,-12,5
1736850187,5,-13,5
1736850187,5,-13,5
1736850187,7,-12,5
1736850187,6,-9,5
1736850187,6,-8,5
1736850188,6,-8,5
1736850188,7,-13,5
1736850188,6,-11,5
1736850188,5,-11,5
1736850188,5,-11,5
1736850189,5,-11,5
1736850189,5,-11,5
1736850189,4,-11,5
1736850189,4,-10,5
1736850190,6,-13,5
1736850190,4,-13,5
1736850190,1,-11,5
1736850190,-1,-11,5
1736850190,-3,-11,5
1736850191,-2,-12,5
1736850191,-1,-12,5
1736850191,0,-12,5
1736850191,3,-13,5
1736850191,4,-13,5
1736850192,6,-14,5
1736850192,9,-15,5
1736850192,11,-15,5
1736850192,13,-12,5
1736850192,12,-11,5
1736850193,11,-9,5
1736850193,11,-9,5
1736850193,11,-9,5
1736850193,11,-9,5
1736850193,11,-8,5
1736850194,12,-11,5
1736850194,12,-13,5
1736850194,11,-13,5
1736850194,9,-11,5
1736850194,6,-9,5
1736850195,6,-9,5
1736850195,7,-10,5
1736850195,7,-10,5
1736850195,8,-10,5
1736850195,8,-11,5
1736850196,8,-11,5
1736850196,8,-11,5
1736850196,8,-11,5
1736850196,8,-11,5
1736850196,9,-11,5
1736850197,10,-11,5
1736850197,10,-12,5
1736850197,9,-11,5
1736850197,9,-11,5
1736850197,9,-11,5
1736850198,10,-11,5
1736850198,11,-12,5
1736850198,11,-12,5
1736850198,11,-13,5
1736850198,11,-9,5
1736850199,10,-11,5
1736850199,10,-13,5
1736850199,9,-10,5
1736850199,10,-11,5
1736850199,7,-18,5
1736850200,7,-20,5
1736850200,6,-21,5
1736850200,6,-21,5
1736850200,5,-20,5
1736850200,3,-18,5
1736850201,0,-15,5
1736850201,-3,-14,5
1736850201,-3,-14,5
